.Random.seed <-
c(403L, 222L, -690498937L, 304164722L, -570072344L, -1605725220L, 
-1219332873L, -1065307323L, -2006128658L, -454154490L, 1401843447L, 
52750900L, 704067850L, 225962092L, -290677481L, 274414323L, -457070071L, 
943696751L, -94108262L, 1150166691L, 2022189791L, 599006082L, 
665476558L, -908034491L, 54002662L, -552237214L, -104226540L, 
-1209111233L, 1161873066L, -1750800335L, 1507637229L, -1697799478L, 
-356197210L, 1033941725L, -1442967423L, 766758962L, -905222444L, 
543734556L, 1444238122L, -1508769880L, 936212463L, -568267833L, 
-1669808259L, -1251166942L, -292620708L, -548044302L, -746454097L, 
1435781760L, -419863119L, -2146292838L, -1048574863L, -1762929290L, 
-151342285L, -939737515L, -481138052L, 1960119744L, 1755402429L, 
1202626177L, 406677838L, -23956492L, 1754492703L, -106341037L, 
-230411852L, 1462763119L, 1348250302L, -1305243469L, -1728865735L, 
1743936102L, -1765717104L, 1002105229L, 237938620L, -518688155L, 
-1090538099L, -868669524L, 979082833L, -908546310L, -814121296L, 
-971137402L, -106583892L, 1684806230L, -1909176152L, 1118257250L, 
-1988668222L, 126783690L, -2026820668L, -640164458L, 277763308L, 
-599218920L, -1658278289L, -1014560242L, 1628351779L, 1449793756L, 
595691787L, 1652253891L, -2001428250L, 698899630L, 558199485L, 
988069305L, 1157950699L, 1429707939L, -458991258L, -1629286284L, 
728594672L, -2050344283L, -1454895605L, -138439866L, 73422765L, 
-1137577522L, 1122038570L, 1431757075L, 958745648L, -35329230L, 
1542974172L, -962091816L, 2009858469L, -1132916281L, 1291531435L, 
1029940532L, -126990370L, 33422215L, 1173569587L, -913682682L, 
-1291735710L, -2029785115L, -959329283L, 1430364142L, 1327669960L, 
764955042L, 1600924264L, 1577178791L, 25980625L, -1677662385L, 
1895057604L, -1828547065L, 677778710L, -1757576943L, -1842173024L, 
-49131903L, 332979093L, 129254981L, -132271305L, 209166751L, 
-638365845L, -975405784L, -174617687L, -1280030099L, 162447542L, 
2004617174L, -1030829741L, 829406779L, -1195997123L, -1333515003L, 
-1105130820L, -74041390L, -816340421L, -803283137L, 1723393003L, 
-1166677945L, -1004990412L, -1115157415L, -1229894529L, -948111146L, 
1630651319L, 2010333501L, 221823161L, -1899742373L, 296569172L, 
-1216602947L, -159201704L, 2123548719L, -232248178L, 1465480477L, 
-128228899L, -627330819L, 931727333L, -482146498L, 1136453341L, 
-325046335L, -741131812L, 1875220970L, 1306548651L, 569920152L, 
2122985655L, 1947626034L, -818984134L, 1754723284L, 1780211889L, 
317976834L, -1960686834L, -1463939654L, 410326056L, -71011825L, 
-1425083857L, -1464358194L, 1768141227L, 571377966L, 1289325734L, 
1255054254L, 2014395101L, -999042822L, 798208929L, 791429980L, 
-1752421262L, -779646669L, -436897213L, -626944942L, 453215432L, 
1557988096L, -1293612055L, -503796580L, -227461205L, -81304474L, 
2140642900L, -1766547606L, 1487010756L, -510585613L, -1832881477L, 
1358831918L, -942865976L, -720878247L, 1653741096L, -530121396L, 
-1157411218L, -732433820L, -857060736L, 1596623161L, -454425441L, 
114004254L, -265605820L, -600160533L, -1537560226L, 2141849312L, 
-1356223481L, 1618287967L, -1005292316L, -916668308L, 934166977L, 
-2130839906L, -1045831647L, -1862104507L, -915118171L, 1811032808L, 
-1972073022L, -38838253L, 1977194975L, 731878850L, -1415088444L, 
-88255208L, 1388096949L, -438732192L, 1012570877L, -1442760844L, 
1174077203L, 74145843L, -2125224255L, -930583566L, -1321106252L, 
-372543419L, -1818937694L, -2042892682L, -1550933066L, -1534096334L, 
-90436868L, -859346305L, 406990104L, -586685492L, -148445844L, 
-684096493L, -1646571991L, -2087528553L, 1542741854L, -2119178999L, 
495328315L, 1898485514L, 1301861345L, -734964823L, -475928645L, 
555445559L, -740379228L, 673853268L, -213679342L, -1359443819L, 
1565823172L, 674800242L, 977981713L, 63958644L, 817860384L, -2043194349L, 
797037997L, -819882440L, -1321992859L, 788981236L, -199572155L, 
-207001388L, 1440706436L, -2112405229L, -1931220852L, 1206926851L, 
-1588933557L, 1946834027L, -1950836509L, -1438528248L, 589364500L, 
-1399539260L, -828517692L, 1239990828L, 1589893262L, -612012026L, 
-1432870226L, 1540178548L, 609710682L, -2000450953L, 1396194029L, 
1479892947L, 1297282230L, -2080641469L, -1308555238L, 1330202613L, 
-903458143L, -611980667L, 1682639336L, -1953562253L, 1764850032L, 
-1994963468L, 2036935126L, 2144346012L, 1485447266L, -36003023L, 
-1221713390L, -1550448999L, -666519456L, 804092978L, 456507117L, 
360954660L, 1357211803L, 1446018005L, 88382197L, 962236295L, 
-1609665815L, 2082806224L, -2089603119L, -887004437L, -1792397139L, 
344093477L, -1458053887L, -1925422162L, -1716974431L, 1520710978L, 
-647158519L, 741018605L, 1165966535L, 1270671489L, 1580642168L, 
-912521626L, -1325001692L, 1907465790L, 132131868L, 976640163L, 
616323871L, 562450318L, -2071216777L, 974668204L, -940647636L, 
-1907158743L, -975756014L, 1825120371L, -1804268208L, -1326391260L, 
-376848165L, -1218881930L, -1063270854L, -1969819475L, -908153109L, 
-396762367L, 1087850789L, -1068778448L, -243243567L, -2125435082L, 
-1053923712L, 1564350345L, 933136467L, -329138701L, -1706566873L, 
-1898271676L, -2038732494L, -1983977983L, 1418844501L, -575900998L, 
1875016029L, -1009149064L, 832161863L, -131067050L, -1176196091L, 
-1554425615L, -780584053L, -1235114086L, 1995539456L, -1331848341L, 
1705443481L, 1275506630L, -358592420L, 29678828L, 547921541L, 
-803855056L, -105387187L, 428943308L, -333664973L, 659043079L, 
697535468L, 955102448L, 979563710L, 107338843L, 490077087L, -246988730L, 
-208962240L, 534932601L, 138649158L, -787532636L, -318005784L, 
-1811205809L, 1971385146L, 349955997L, 366140512L, -161191867L, 
-1288133645L, 1631319294L, -215045640L, 865290636L, 1264903756L, 
1101837824L, 544710383L, -1380849796L, 90859129L, 1909763996L, 
-1494563547L, -145039406L, 1937809457L, -2123604254L, 935273126L, 
-1755314955L, 2028374337L, 174337273L, -2117685374L, -1649584371L, 
-1973301998L, -1717694284L, -526815823L, -1849739103L, -255494111L, 
1138779039L, -1489012602L, -859626729L, 2075080922L, 761019934L, 
1141281011L, -996110562L, 1952936373L, 2004226986L, -253808566L, 
1984850283L, 1252936220L, -2007588079L, -1987588310L, -1848002268L, 
1399922361L, 932498258L, -1324897961L, 1263698513L, -816952304L, 
1428014780L, -1193253584L, -2144577191L, -1822300923L, -713915913L, 
1022610536L, -765300634L, 1868761388L, -2042020067L, 198425876L, 
-684566960L, 760012519L, -1299444947L, 1787949450L, 120760028L, 
-1322875064L, -1247495055L, 640589061L, -697595409L, 1367959695L, 
-1962462148L, 1799461037L, -648720030L, 1456952675L, -1202608513L, 
1562402470L, 1177840863L, 1734152186L, 468703817L, -1010685286L, 
-1988272985L, 256289583L, -820287149L, -1553113107L, 1569725284L, 
747615826L, 2129797732L, 624194350L, -1709212889L, 1880817807L, 
314279315L, 59116207L, -1646449891L, -15324323L, -142572807L, 
-725907803L, 213843085L, -822409722L, -943762618L, 707012688L, 
1756094149L, -1773422951L, -1284669400L, -2013940003L, -1723998090L, 
1556526045L, 1334052861L, 1372463657L, 1401597181L, -1509974907L, 
-2025563367L, -916323728L, 19184464L, 1663171344L, 1755627680L, 
-350118230L, -1742841858L, 2095805977L, -701370284L, -1938193195L, 
471629548L, -1436745628L, -1794979469L, 1732147790L, 1538717778L, 
-1922859993L, -383103583L, -1175318892L, 1762009475L, 2104260874L, 
-765377395L, -121651373L, -1516483146L, 1443548498L, 1548835826L, 
788549453L, -417338330L, -13244767L, 171221721L, 1718545281L, 
872175370L, 1015094535L, 1897954539L, -2003640049L, 968789763L, 
-1526053043L, -1515407727L, -1515893524L, 305210971L, 114086924L, 
22098211L, 2041907278L, -34176071L, 570483796L, 692643833L, 1058885054L, 
-2038437410L, 1007983146L, -865339750L, 346426709L, -175945558L, 
1162505309L, -1849610043L, 823838219L, 727634608L, 1980831014L, 
314363510L, -768407916L, 2092061148L, 1132053627L, -272561017L, 
-1946602679L, 1237401985L, 598363419L, 1909298282L, -1757725063L, 
